-0.865412 -0.448169 -0.224070 -0.117887 -0.500846 0.786836 0.360613 0.066108 0.014691 0.424304 -0.905401 0.581517 0.000000 0.000000 0.000000 1.000000 
-0.986445 -0.127436 -0.103377 -0.053875 -0.162371 0.849076 0.502698 0.043459 0.023713 0.512669 -0.858259 0.594740 0.000000 0.000000 0.000000 1.000000 
-0.990804 -0.116137 -0.069416 -0.047110 -0.128706 0.967237 0.218831 -0.011033 0.041727 0.225753 -0.973290 0.374228 0.000000 0.000000 0.000000 1.000000 
-0.922295 0.004041 -0.386466 0.094911 -0.087500 0.971799 0.218978 -0.032955 0.376452 0.235778 -0.895931 0.385099 0.000000 0.000000 0.000000 1.000000 
-0.778947 -0.205061 -0.592614 0.227095 -0.361069 0.919315 0.156490 -0.073725 0.512709 0.335872 -0.790139 0.366398 0.000000 0.000000 0.000000 1.000000 
-0.627591 -0.261837 -0.733192 0.275961 -0.333279 0.941452 -0.050934 0.029015 0.703601 0.212392 -0.678111 0.420714 0.000000 0.000000 0.000000 1.000000 
-0.717183 0.486981 0.498495 -0.102683 0.581929 0.812053 0.043924 -0.070540 -0.383414 0.321590 -0.865779 0.452848 0.000000 0.000000 0.000000 1.000000 
-0.679404 0.483270 0.552141 -0.131531 0.562592 0.826159 -0.030844 -0.067186 -0.471062 0.289675 -0.833180 0.513390 0.000000 0.000000 0.000000 1.000000 
-0.571798 0.486834 0.660333 -0.146455 0.541280 0.828719 -0.142271 -0.069871 -0.616493 0.276075 -0.737373 0.525385 0.000000 0.000000 0.000000 1.000000 
-0.532823 0.481320 0.696011 -0.094902 0.536743 0.828094 -0.161764 -0.086352 -0.654222 0.287388 -0.699573 0.437991 0.000000 0.000000 0.000000 1.000000 
-0.746540 0.418337 0.517370 0.100619 0.454505 0.888540 -0.062630 -0.087874 -0.485904 0.188392 -0.853467 0.421284 0.000000 0.000000 0.000000 1.000000 
-0.860793 0.324951 0.391717 0.062369 0.411022 0.897744 0.158486 -0.111933 -0.300161 0.297428 -0.906333 0.352192 0.000000 0.000000 0.000000 1.000000 
-0.882729 0.347916 0.315822 0.172433 0.439784 0.848422 0.294567 -0.044044 -0.165466 0.398916 -0.901935 0.403018 0.000000 0.000000 0.000000 1.000000 
-0.901522 0.382900 0.201608 0.063587 0.424047 0.874570 0.235184 -0.054635 -0.086269 0.297515 -0.950812 0.624084 0.000000 0.000000 0.000000 1.000000 
-0.911178 0.399662 0.100126 0.244537 0.399928 0.799510 0.448153 -0.150173 0.099058 0.448390 -0.888332 0.505644 0.000000 0.000000 0.000000 1.000000 
-0.983037 0.151280 0.103694 0.040738 0.182398 0.865593 0.466347 -0.061127 -0.019208 0.477350 -0.878503 0.488766 0.000000 0.000000 0.000000 1.000000 
-0.409518 -0.784897 -0.465007 -0.033282 -0.909198 0.393139 0.137115 0.104871 0.075191 0.478934 -0.874625 0.398265 0.000000 0.000000 0.000000 1.000000 
-0.983979 0.151603 -0.093815 0.155166 0.107252 0.923706 0.367784 -0.112969 0.142415 0.351830 -0.925167 0.338000 0.000000 0.000000 0.000000 1.000000 
-0.985732 0.145417 -0.084771 0.157657 0.083818 0.860806 0.501983 -0.043961 0.145968 0.487716 -0.860713 0.524927 0.000000 0.000000 0.000000 1.000000 
-0.849100 -0.219495 -0.480469 0.165426 -0.377174 0.888737 0.260549 0.083334 0.369821 0.402453 -0.837415 0.518074 0.000000 0.000000 0.000000 1.000000 
-0.777818 -0.034680 -0.627532 0.249943 -0.244427 0.936564 0.251205 0.005519 0.579012 0.348777 -0.736953 0.411349 0.000000 0.000000 0.000000 1.000000 
-0.727933 0.051600 -0.683704 0.250393 -0.155322 0.958831 0.237734 -0.028535 0.667824 0.279249 -0.689950 0.408826 0.000000 0.000000 0.000000 1.000000 
-0.714858 -0.039512 -0.698152 0.163525 -0.253846 0.944957 0.206441 -0.020761 0.651567 0.324799 -0.685540 0.467841 0.000000 0.000000 0.000000 1.000000 
-0.705003 -0.065096 -0.706210 0.137502 -0.336487 0.907265 0.252283 -0.034539 0.624297 0.415491 -0.661529 0.461998 0.000000 0.000000 0.000000 1.000000 
-0.844621 0.132144 -0.518800 -0.000094 -0.003784 0.967561 0.252608 -0.002130 0.535351 0.215321 -0.816723 0.403163 0.000000 0.000000 0.000000 1.000000 
-0.842102 0.135661 -0.521977 0.000454 -0.002170 0.966986 0.254820 -0.001833 0.539313 0.215718 -0.814007 0.402442 0.000000 0.000000 0.000000 1.000000 
-0.766477 0.019848 -0.641965 0.089796 -0.197497 0.943811 0.264982 0.001925 0.611153 0.329889 -0.719490 0.449435 0.000000 0.000000 0.000000 1.000000 
-0.708574 -0.053031 -0.703641 0.137970 -0.326415 0.908702 0.260218 0.021570 0.625600 0.414062 -0.661193 0.494979 0.000000 0.000000 0.000000 1.000000 
-0.933947 0.012482 -0.357193 -0.132018 -0.142240 0.903858 0.403496 0.016033 0.327888 0.427651 -0.842380 0.471162 0.000000 0.000000 0.000000 1.000000 
-0.806213 -0.275439 -0.523596 -0.046683 -0.389996 0.912931 0.120252 -0.047560 0.444885 0.301150 -0.843437 0.413296 0.000000 0.000000 0.000000 1.000000 
-0.946945 -0.110058 -0.301964 -0.058120 -0.253156 0.834259 0.489820 -0.103917 0.198007 0.540277 -0.817860 0.370984 0.000000 0.000000 0.000000 1.000000 
-0.983233 0.117665 -0.139315 0.058247 0.017813 0.822291 0.568788 -0.030695 0.181484 0.556769 -0.810600 0.399238 0.000000 0.000000 0.000000 1.000000 
-0.922434 -0.070426 0.379678 0.035729 0.219553 0.713192 0.665698 -0.116698 -0.317666 0.697422 -0.642411 0.446758 0.000000 0.000000 0.000000 1.000000 
-0.887981 -0.167493 0.428295 0.007281 0.141047 0.787241 0.600297 -0.075019 -0.437717 0.593462 -0.675431 0.412746 0.000000 0.000000 0.000000 1.000000 
-0.836130 -0.222547 0.501358 -0.039850 0.139515 0.797661 0.586747 -0.077445 -0.530493 0.560543 -0.635900 0.433095 0.000000 0.000000 0.000000 1.000000 
-0.799593 -0.214049 0.561101 -0.001746 0.208455 0.777306 0.593584 -0.053467 -0.563203 0.591590 -0.576909 0.405992 0.000000 0.000000 0.000000 1.000000 
-0.954036 -0.298169 -0.030186 0.047611 -0.250959 0.739778 0.624298 -0.038728 -0.163815 0.603178 -0.780603 0.430493 0.000000 0.000000 0.000000 1.000000 
-0.949731 0.311580 0.030470 0.258440 0.278037 0.794727 0.539542 -0.037039 0.143895 0.520891 -0.841407 0.396535 0.000000 0.000000 0.000000 1.000000 
-0.933541 0.238722 -0.267418 0.186945 -0.031028 0.689388 0.723728 -0.070131 0.357124 0.683927 -0.636165 0.330389 0.000000 0.000000 0.000000 1.000000 
-0.983753 0.094761 -0.152484 -0.095638 -0.014168 0.805723 0.592124 -0.079186 0.178970 0.584664 -0.791289 0.427841 0.000000 0.000000 0.000000 1.000000 
-0.161239 -0.811025 -0.562352 0.059198 -0.901902 0.352449 -0.249706 0.032466 0.400719 0.466924 -0.788293 0.450733 0.000000 0.000000 0.000000 1.000000 
-0.999860 0.016404 0.003393 -0.179767 0.012549 0.599369 0.800374 -0.150317 0.011096 0.800305 -0.599491 0.594707 0.000000 0.000000 0.000000 1.000000 
-0.958660 0.263382 0.107711 -0.006682 0.236267 0.525794 0.817140 -0.209118 0.158586 0.808808 -0.566286 0.618326 0.000000 0.000000 0.000000 1.000000 
-0.954277 0.287015 0.083540 -0.006687 0.256041 0.640574 0.723953 -0.183127 0.154271 0.712241 -0.684772 0.723620 0.000000 0.000000 0.000000 1.000000 
-0.795544 0.561552 0.227526 -0.166220 0.563866 0.548752 0.617192 0.057836 0.221730 0.619298 -0.753197 0.811647 0.000000 0.000000 0.000000 1.000000 
-0.716570 0.618192 0.323057 -0.245273 0.631530 0.378365 0.676764 -0.015437 0.296137 0.688969 -0.661532 0.651231 0.000000 0.000000 0.000000 1.000000 
-0.551158 0.758806 0.347041 -0.115497 0.727561 0.233420 0.645112 -0.014793 0.408509 0.608052 -0.680730 0.689082 0.000000 0.000000 0.000000 1.000000 
-0.845235 0.533928 0.022336 0.096434 0.373080 0.559649 0.740003 -0.181063 0.382608 0.633809 -0.672233 0.640653 0.000000 0.000000 0.000000 1.000000 
-0.718125 -0.399851 -0.569575 0.247421 -0.674330 0.602076 0.427533 0.120397 0.171977 0.691103 -0.701997 0.499411 0.000000 0.000000 0.000000 1.000000 
-0.561259 -0.581567 -0.588871 0.179107 -0.826516 0.430925 0.362181 0.118784 0.043127 0.689988 -0.722534 0.549660 0.000000 0.000000 0.000000 1.000000 
-0.325408 -0.665832 -0.671400 0.272622 -0.942556 0.171726 0.286528 0.184877 -0.075483 0.726071 -0.683465 0.608381 0.000000 0.000000 0.000000 1.000000 
-0.949251 -0.018505 -0.313975 0.272877 -0.184020 0.842247 0.506712 -0.143511 0.255067 0.538774 -0.802909 0.484435 0.000000 0.000000 0.000000 1.000000 
-0.905855 0.420885 -0.047784 0.217323 0.303066 0.722788 0.621071 -0.147073 0.295937 0.548118 -0.782297 0.570135 0.000000 0.000000 0.000000 1.000000 
-0.978952 -0.190033 -0.074432 0.297734 -0.194290 0.756102 0.624949 0.085516 -0.062483 0.626257 -0.777109 0.518086 0.000000 0.000000 0.000000 1.000000 
-0.862031 -0.480932 0.160021 0.076352 -0.200655 0.613728 0.763594 -0.109011 -0.465446 0.626133 -0.625554 0.639954 0.000000 0.000000 0.000000 1.000000 
-0.856443 -0.491243 0.158700 0.191449 -0.200314 0.599557 0.774858 0.044954 -0.475793 0.631832 -0.611889 0.589257 0.000000 0.000000 0.000000 1.000000 
-0.776393 -0.578864 0.249259 0.048617 -0.157425 0.561075 0.812658 -0.058664 -0.610271 0.591702 -0.526742 0.616239 0.000000 0.000000 0.000000 1.000000 
-0.772936 -0.588514 0.237109 -0.040439 -0.162710 0.545061 0.822456 -0.087104 -0.613266 0.597127 -0.517054 0.510799 0.000000 0.000000 0.000000 1.000000 
-0.864164 -0.500744 0.049760 0.231601 -0.260982 0.530535 0.806487 -0.060197 -0.430242 0.683951 -0.589154 0.398847 0.000000 0.000000 0.000000 1.000000 
-0.854622 -0.404905 0.325074 0.172490 -0.086738 0.728570 0.679458 -0.034770 -0.511955 0.552484 -0.657772 0.374967 0.000000 0.000000 0.000000 1.000000 
-0.947468 0.202150 -0.247872 0.096506 0.095680 0.918601 0.383429 -0.090669 0.305206 0.339570 -0.889686 0.306974 0.000000 0.000000 0.000000 1.000000 
-0.702795 -0.214156 -0.678392 0.207161 -0.485672 0.841236 0.237581 -0.070541 0.519808 0.496447 -0.695226 0.397365 0.000000 0.000000 0.000000 1.000000 
-0.516993 -0.327505 -0.790859 0.267031 -0.681021 0.717104 0.148229 -0.060690 0.518583 0.615226 -0.593776 0.433582 0.000000 0.000000 0.000000 1.000000 
-0.360221 -0.399110 -0.843180 0.264020 -0.806140 0.588026 0.066061 -0.033566 0.469446 0.703517 -0.533558 0.451638 0.000000 0.000000 0.000000 1.000000 
-0.344887 -0.362109 -0.865985 0.278440 -0.843338 0.524601 0.116507 -0.047581 0.412109 0.770500 -0.486309 0.530062 0.000000 0.000000 0.000000 1.000000 
-0.391902 -0.314947 -0.864420 0.209620 -0.839588 0.506606 0.196065 -0.061950 0.376171 0.802595 -0.462965 0.536946 0.000000 0.000000 0.000000 1.000000 
-0.483084 -0.326844 -0.812283 0.202164 -0.788522 0.565676 0.241338 0.051942 0.380609 0.757089 -0.530992 0.517197 0.000000 0.000000 0.000000 1.000000 
-0.660500 -0.273237 -0.699344 0.226051 -0.670459 0.633906 0.385549 0.124144 0.337972 0.723536 -0.601889 0.483136 0.000000 0.000000 0.000000 1.000000 
-0.886712 0.042038 -0.460406 0.275074 -0.337750 0.621127 0.707196 -0.042890 0.315700 0.782582 -0.536562 0.481174 0.000000 0.000000 0.000000 1.000000 
-0.926035 0.373250 -0.056069 0.083309 0.224466 0.664038 0.713210 -0.142227 0.303438 0.647872 -0.698704 0.462017 0.000000 0.000000 0.000000 1.000000 
-0.948878 -0.309121 -0.063828 0.090312 -0.312281 0.889949 0.332371 -0.011541 -0.045939 0.335312 -0.940986 0.317504 0.000000 0.000000 0.000000 1.000000 
-0.989683 -0.140513 0.027979 0.140450 -0.118234 0.911298 0.394406 -0.061487 -0.080916 0.387029 -0.918510 0.342337 0.000000 0.000000 0.000000 1.000000 
-0.975656 -0.170492 0.137944 0.074697 -0.114894 0.933132 0.340683 -0.084229 -0.186803 0.316540 -0.930004 0.384645 0.000000 0.000000 0.000000 1.000000 
-0.887295 0.182403 0.423599 0.147841 0.350719 0.863312 0.362890 -0.120332 -0.299506 0.470555 -0.829984 0.327896 0.000000 0.000000 0.000000 1.000000 
-0.683286 0.427099 0.592205 0.063034 0.654754 0.717362 0.238093 -0.093781 -0.323136 0.550434 -0.769809 0.429742 0.000000 0.000000 0.000000 1.000000 