-0.037849 0.992179 -0.118943 -0.045835 0.890716 -0.020460 -0.454099 -0.064877 -0.452981 -0.123131 -0.882976 0.656124 0.000000 0.000000 0.000000 1.000000 
0.561671 0.668291 -0.487764 -0.118649 0.814992 -0.345340 0.465327 -0.065376 0.142529 -0.658884 -0.738619 0.691995 0.000000 0.000000 0.000000 1.000000 
0.509404 0.726871 -0.460615 -0.101944 0.843302 -0.315107 0.435372 -0.091648 0.171316 -0.610218 -0.773488 0.616768 0.000000 0.000000 0.000000 1.000000 
0.462178 0.785690 -0.411197 -0.105383 0.854075 -0.269603 0.444826 -0.111682 0.238635 -0.556782 -0.795643 0.570010 0.000000 0.000000 0.000000 1.000000 
0.337687 0.898599 -0.280156 -0.106704 0.896589 -0.216480 0.386347 -0.065939 0.286522 -0.381649 -0.878777 0.497610 0.000000 0.000000 0.000000 1.000000 
0.213181 0.955711 -0.202906 -0.039323 0.907654 -0.116877 0.403117 -0.079382 0.361548 -0.270105 -0.892371 0.447498 0.000000 0.000000 0.000000 1.000000 
0.035089 0.998245 -0.047712 -0.034087 0.900605 -0.010889 0.434502 -0.091816 0.433220 -0.058216 -0.899406 0.417689 0.000000 0.000000 0.000000 1.000000 
-0.182550 0.974143 0.133116 -0.013241 0.920264 0.121632 0.371914 -0.092702 0.346106 0.190395 -0.918673 0.397375 0.000000 0.000000 0.000000 1.000000 
-0.318589 0.910715 0.262867 -0.050727 0.894305 0.196867 0.401823 -0.092631 0.314197 0.363099 -0.877177 0.408887 0.000000 0.000000 0.000000 1.000000 
-0.349948 0.885888 0.304531 -0.088877 0.885027 0.206114 0.417425 -0.102492 0.307024 0.415595 -0.856164 0.399042 0.000000 0.000000 0.000000 1.000000 
-0.193271 0.878075 0.437757 -0.035504 0.944108 0.045008 0.326549 -0.112363 0.267032 0.476402 -0.837696 0.428143 0.000000 0.000000 0.000000 1.000000 
-0.324778 0.787471 0.523840 -0.019461 0.928740 0.160844 0.334023 -0.069584 0.178777 0.594994 -0.783595 0.498786 0.000000 0.000000 0.000000 1.000000 
-0.197304 0.778595 0.595703 0.012628 0.970580 0.069600 0.230499 -0.099586 0.138004 0.623655 -0.769421 0.532035 0.000000 0.000000 0.000000 1.000000 
-0.097651 0.832157 0.545875 -0.026720 0.970683 -0.041408 0.236769 -0.145738 0.219632 0.552993 -0.803717 0.451952 0.000000 0.000000 0.000000 1.000000 
-0.017684 0.882845 0.469331 -0.022154 0.982391 -0.071981 0.172416 -0.105075 0.186000 0.464116 -0.866026 0.430246 0.000000 0.000000 0.000000 1.000000 
0.073286 0.907442 0.413737 -0.059722 0.979161 -0.144255 0.142951 -0.096236 0.189404 0.394638 -0.899103 0.395254 0.000000 0.000000 0.000000 1.000000 
0.275974 0.931408 0.237312 -0.072907 0.948063 -0.304412 0.092247 -0.064617 0.158160 0.199529 -0.967044 0.372816 0.000000 0.000000 0.000000 1.000000 
0.164200 0.986026 0.028110 -0.038417 0.974108 -0.166573 0.152863 -0.098924 0.155409 0.002282 -0.987848 0.374759 0.000000 0.000000 0.000000 1.000000 
0.312099 0.946828 -0.078177 -0.072532 0.944250 -0.300063 0.135473 -0.039575 0.104812 -0.116100 -0.987692 0.397036 0.000000 0.000000 0.000000 1.000000 
0.545304 0.819689 -0.175367 -0.214565 0.836643 -0.519320 0.174172 0.013950 0.051695 -0.241696 -0.968974 0.459577 0.000000 0.000000 0.000000 1.000000 
0.565470 0.796691 -0.213372 -0.245058 0.824436 -0.553350 0.118782 -0.015667 -0.023437 -0.243079 -0.969723 0.465046 0.000000 0.000000 0.000000 1.000000 
0.456818 0.872679 -0.172479 -0.135764 0.889360 -0.452157 0.067766 -0.040032 -0.018850 -0.184353 -0.982679 0.422891 0.000000 0.000000 0.000000 1.000000 
0.271941 0.961326 -0.043595 -0.066719 0.960679 -0.268560 0.070504 -0.075378 0.056070 -0.061054 -0.996558 0.441859 0.000000 0.000000 0.000000 1.000000 
0.028950 0.991242 0.128849 0.008224 0.995996 -0.039513 0.080195 -0.091319 0.084584 0.126012 -0.988416 0.438132 0.000000 0.000000 0.000000 1.000000 
-0.173808 0.937301 0.302089 0.018463 0.983797 0.151563 0.095775 -0.063083 0.043984 0.313840 -0.948456 0.467467 0.000000 0.000000 0.000000 1.000000 
-0.313532 0.837241 0.448024 -0.033773 0.943833 0.222945 0.243877 -0.135074 0.104299 0.499323 -0.860115 0.477245 0.000000 0.000000 0.000000 1.000000 
-0.449799 0.708697 0.543534 -0.034161 0.893125 0.354938 0.276309 -0.073356 0.002898 0.609727 -0.792606 0.549203 0.000000 0.000000 0.000000 1.000000 
-0.445068 0.714806 0.539413 0.129406 0.842460 0.538445 -0.018413 -0.109052 -0.303605 0.446239 -0.841840 0.638052 0.000000 0.000000 0.000000 1.000000 
-0.316286 0.806750 0.499117 0.037971 0.862221 0.463888 -0.203425 -0.073185 -0.395648 0.366009 -0.842318 0.590086 0.000000 0.000000 0.000000 1.000000 
-0.138059 0.888927 0.436747 -0.115218 0.884345 0.309192 -0.349763 -0.081353 -0.445953 0.337947 -0.828805 0.541586 0.000000 0.000000 0.000000 1.000000 
0.194047 0.974581 0.111972 -0.128175 0.883512 -0.124018 -0.451692 -0.061779 -0.426324 0.186578 -0.885120 0.549099 0.000000 0.000000 0.000000 1.000000 
0.414219 0.908464 -0.055820 -0.232056 0.790685 -0.389538 -0.472310 -0.002470 -0.450821 0.151504 -0.879663 0.553129 0.000000 0.000000 0.000000 1.000000 
0.371086 0.915987 -0.152522 -0.205980 0.775048 -0.395985 -0.492440 0.023506 -0.511465 0.064525 -0.856878 0.587502 0.000000 0.000000 0.000000 1.000000 
0.472960 0.835212 -0.280588 -0.232577 0.744712 -0.549133 -0.379285 0.000256 -0.470863 -0.029571 -0.881710 0.627844 0.000000 0.000000 0.000000 1.000000 
0.456183 0.845620 -0.277170 -0.343088 0.777236 -0.530295 -0.338662 -0.048238 -0.433361 -0.060934 -0.899158 0.662581 0.000000 0.000000 0.000000 1.000000