0.825952 -0.449016 0.340863 1333.141564 -0.560582 -0.590266 0.580804 590.274113 -0.059591 -0.670798 -0.739242 1411.345366 0 0 0 1
0.368935 -0.559965 0.74184 1665.992968 -0.902419 -0.024699 0.430151 203.501115 -0.222546 -0.828148 -0.514435 1560.097337 0 0 0 1
0.657494 -0.531606 0.533945 1753.892084 -0.743928 -0.570393 0.348171 -33.977318 0.119469 -0.626136 -0.770507 1619.826577 0 0 0 1
0.883193 -0.099503 0.458333 1567.820108 -0.317789 -0.845672 0.428775 1012.429449 0.344935 -0.524345 -0.778513 1032.175065 0 0 0 1
0.687163 -0.633715 0.355264 1827.658444 -0.705815 -0.466462 0.533141 1050.959298 -0.172142 -0.617105 -0.767821 1116.238826 0 0 0 1