0.472455 0.878230 0.074155 0.056988 0.841897 -0.424810 -0.332786 -0.053567 -0.260761 0.219657 -0.940082 0.715851 0.000000 0.000000 0.000000 1.000000 
0.136146 0.943731 0.301389 0.129998 0.984137 -0.093906 -0.150518 -0.113676 -0.113747 0.317101 -0.941546 0.739942 0.000000 0.000000 0.000000 1.000000 
-0.207313 0.853886 0.477390 0.179898 0.978263 0.178569 0.105424 -0.144023 0.004773 0.488868 -0.872344 0.808978 0.000000 0.000000 0.000000 1.000000 
-0.356018 0.745344 0.563661 0.147372 0.934106 0.266800 0.237201 -0.170312 0.026412 0.610967 -0.791216 0.870392 0.000000 0.000000 0.000000 1.000000 
0.329450 0.940265 0.085812 -0.156679 0.932842 -0.310111 -0.183404 -0.052463 -0.145837 0.140471 -0.979285 0.711085 0.000000 0.000000 0.000000 1.000000 
0.322345 0.944944 -0.056341 -0.144186 0.942265 -0.314589 0.114760 -0.073135 0.090718 -0.090081 -0.991794 0.542430 0.000000 0.000000 0.000000 1.000000 
0.233685 0.965898 -0.111499 -0.010243 0.959513 -0.210542 0.187101 -0.055998 0.157246 -0.150708 -0.975992 0.543736 0.000000 0.000000 0.000000 1.000000 
-0.019408 0.999708 0.014374 0.023075 0.968143 0.015202 0.249936 -0.043796 0.249645 0.018767 -0.968156 0.541918 0.000000 0.000000 0.000000 1.000000 
-0.266292 0.962069 0.059261 0.118220 0.855541 0.207591 0.474295 -0.114235 0.444002 0.177001 -0.878369 0.566966 0.000000 0.000000 0.000000 1.000000 
-0.512710 0.845955 0.146590 0.106150 0.761398 0.369113 0.532943 -0.035376 0.396737 0.384858 -0.833357 0.666082 0.000000 0.000000 0.000000 1.000000 
-0.368262 0.869840 0.328270 0.201822 0.842982 0.163479 0.512499 -0.175648 0.392127 0.465460 -0.793463 0.726882 0.000000 0.000000 0.000000 1.000000 
-0.147216 0.917708 0.368970 -0.039098 0.954939 0.034674 0.294771 -0.140353 0.257720 0.395739 -0.881460 0.607011 0.000000 0.000000 0.000000 1.000000 
0.198562 0.951829 0.233656 -0.205314 0.934649 -0.255646 0.247136 -0.054545 0.294965 0.169315 -0.940387 0.552164 0.000000 0.000000 0.000000 1.000000 
0.566975 0.823024 0.034213 -0.171994 0.822270 -0.563003 -0.083062 -0.059744 -0.049100 0.075226 -0.995957 0.590724 0.000000 0.000000 0.000000 1.000000 
0.632862 0.769682 -0.084114 -0.277634 0.755753 -0.637689 -0.148963 -0.022609 -0.168293 0.030704 -0.985259 0.638780 0.000000 0.000000 0.000000 1.000000 
0.312166 0.919504 -0.238881 -0.202622 0.897374 -0.367939 -0.243600 -0.148887 -0.311884 -0.138322 -0.939997 0.759184 0.000000 0.000000 0.000000 1.000000 
0.444471 0.876244 -0.186123 -0.441192 0.820602 -0.481603 -0.307688 -0.084901 -0.359247 -0.015975 -0.933106 0.863344 0.000000 0.000000 0.000000 1.000000 
0.362051 0.907096 -0.214700 -0.409681 0.789913 -0.420845 -0.446012 -0.109853 -0.494931 -0.008115 -0.868895 0.873130 0.000000 0.000000 0.000000 1.000000 
0.267965 0.899730 -0.344501 -0.277667 0.812745 -0.403120 -0.420642 -0.008580 -0.517339 -0.167275 -0.839273 0.873805 0.000000 0.000000 0.000000 1.000000 
0.156038 0.905166 -0.395382 -0.221464 0.870375 -0.315255 -0.378234 -0.004272 -0.467011 -0.285112 -0.837026 0.868032 0.000000 0.000000 0.000000 1.000000 
-0.048341 0.876233 -0.479457 -0.096239 0.932858 -0.131954 -0.335207 -0.058435 -0.356986 -0.463469 -0.811022 0.884764 0.000000 0.000000 0.000000 1.000000 
-0.197183 0.885123 -0.421516 -0.024980 0.957600 0.081771 -0.276253 -0.051725 -0.210050 -0.458116 -0.863718 0.756092 0.000000 0.000000 0.000000 1.000000 
-0.292871 0.907371 -0.301506 -0.073228 0.947041 0.231853 -0.222166 -0.053360 -0.131682 -0.350604 -0.927220 0.683369 0.000000 0.000000 0.000000 1.000000 
0.285869 0.956007 -0.065797 0.009648 0.925321 -0.257539 0.278306 -0.042620 0.249117 -0.140443 -0.958236 0.578584 0.000000 0.000000 0.000000 1.000000 
-0.048284 0.996876 0.062498 0.105819 0.911978 0.018479 0.409823 -0.051695 0.407388 0.076785 -0.910021 0.607053 0.000000 0.000000 0.000000 1.000000 
-0.274213 0.953109 0.128023 0.162680 0.849343 0.177592 0.497068 -0.025718 0.451025 0.245038 -0.858215 0.681866 0.000000 0.000000 0.000000 1.000000 
-0.532073 0.813257 0.235609 0.116509 0.735677 0.306296 0.604121 -0.011518 0.419140 0.494769 -0.761266 0.817917 0.000000 0.000000 0.000000 1.000000 
-0.503439 0.743790 0.439688 0.005103 0.806638 0.222220 0.547680 -0.080950 0.309651 0.630393 -0.711843 0.782680 0.000000 0.000000 0.000000 1.000000 
-0.625243 0.645772 0.438234 0.023712 0.755381 0.359631 0.547782 -0.088504 0.196140 0.673531 -0.712661 0.787966 0.000000 0.000000 0.000000 1.000000 
-0.557370 0.579987 0.594099 -0.026098 0.828227 0.338298 0.446761 0.051629 0.058133 0.741060 -0.668917 0.905157 0.000000 0.000000 0.000000 1.000000 
-0.574310 0.632099 0.520211 0.309999 0.800243 0.299526 0.519515 -0.053235 0.172568 0.714658 -0.677853 0.818491 0.000000 0.000000 0.000000 1.000000 
0.038639 0.931193 0.362473 -0.026481 0.983078 0.029580 -0.180785 -0.100289 -0.179067 0.363324 -0.914292 0.342344 0.000000 0.000000 0.000000 1.000000 
0.172284 0.877638 0.447292 -0.176507 0.948251 -0.024815 -0.316550 -0.132336 -0.266717 0.478682 -0.836496 0.472709 0.000000 0.000000 0.000000 1.000000 
0.755278 0.655266 0.013465 -0.330432 0.584096 -0.663643 -0.467344 -0.027877 -0.297298 0.360839 -0.883973 0.585991 0.000000 0.000000 0.000000 1.000000 
0.520785 0.826535 0.213595 -0.343788 0.791034 -0.373130 -0.484809 -0.108077 -0.321013 0.421442 -0.848137 0.575860 0.000000 0.000000 0.000000 1.000000 
0.530261 0.841134 0.106380 -0.307099 0.738876 -0.396929 -0.544526 -0.136078 -0.415794 0.367343 -0.831970 0.597567 0.000000 0.000000 0.000000 1.000000 
0.353207 0.919253 0.173835 -0.325631 0.827174 -0.220046 -0.517072 -0.069870 -0.437068 0.326426 -0.838104 0.700121 0.000000 0.000000 0.000000 1.000000 
0.509906 0.810246 -0.288959 -0.204907 0.683214 -0.585555 -0.436285 -0.082211 -0.522699 0.025043 -0.852149 0.796080 0.000000 0.000000 0.000000 1.000000 
0.653358 0.688221 -0.315395 -0.388933 0.521467 -0.711145 -0.471536 0.029200 -0.548813 0.143614 -0.823517 0.848449 0.000000 0.000000 0.000000 1.000000 
0.464731 0.825696 -0.319768 -0.333718 0.553229 -0.552737 -0.623233 0.018493 -0.691349 0.112731 -0.713673 1.002154 0.000000 0.000000 0.000000 1.000000 
0.044630 0.998629 0.027350 -0.029713 0.823986 -0.021318 -0.566209 -0.103531 -0.564850 0.047806 -0.823808 1.002620 0.000000 0.000000 0.000000 1.000000 
0.363252 0.929297 0.066750 -0.180897 0.853266 -0.303050 -0.424380 -0.144743 -0.374147 0.211113 -0.903020 0.872364 0.000000 0.000000 0.000000 1.000000 
0.055887 0.993870 0.095392 0.128168 0.915545 -0.012898 -0.402009 -0.060574 -0.398314 0.109803 -0.910653 0.832248 0.000000 0.000000 0.000000 1.000000 
-0.153681 0.936259 0.315914 0.160403 0.945211 0.232484 -0.229190 -0.039970 -0.288026 0.263383 -0.920690 0.835217 0.000000 0.000000 0.000000 1.000000 
-0.474053 0.809612 0.346124 0.325110 0.870821 0.489214 0.048368 -0.040431 -0.130169 0.324341 -0.936941 0.860715 0.000000 0.000000 0.000000 1.000000 
-0.460973 0.804261 0.375057 0.391679 0.886969 0.430951 0.166032 -0.129882 -0.028098 0.409200 -0.912012 0.897502 0.000000 0.000000 0.000000 1.000000 
-0.397585 0.785519 0.474222 0.363557 0.917106 0.323848 0.232464 -0.237970 0.029029 0.527336 -0.849161 0.968094 0.000000 0.000000 0.000000 1.000000 
0.432670 0.886462 0.164261 -0.216234 0.826013 -0.462788 0.321761 -0.130700 0.361247 -0.003535 -0.932464 0.683448 0.000000 0.000000 0.000000 1.000000 
0.495304 0.847400 0.191280 -0.328813 0.777641 -0.530641 0.337186 0.047077 0.387233 -0.018263 -0.921801 0.713793 0.000000 0.000000 0.000000 1.000000 
0.618106 0.785667 -0.025931 -0.294998 0.752915 -0.582212 0.306836 0.055591 0.225974 -0.209181 -0.951409 0.788493 0.000000 0.000000 0.000000 1.000000 
0.623521 0.779592 -0.058797 -0.263933 0.719323 -0.542603 0.433769 0.049899 0.306260 -0.312758 -0.899103 0.866330 0.000000 0.000000 0.000000 1.000000 
0.555750 0.829000 -0.062468 -0.149961 0.765394 -0.480881 0.427698 0.112274 0.324522 -0.285505 -0.901761 0.891096 0.000000 0.000000 0.000000 1.000000 
0.451913 0.888538 -0.079208 0.024702 0.795671 -0.361344 0.486146 0.058635 0.403339 -0.282719 -0.870280 0.881530 0.000000 0.000000 0.000000 1.000000 
0.070290 0.978450 0.194151 0.029801 0.832521 -0.164760 0.528927 -0.023228 0.549517 0.124456 -0.826161 0.879863 0.000000 0.000000 0.000000 1.000000 
-0.124089 0.950755 0.284019 0.038252 0.838836 -0.052388 0.541858 0.024926 0.530053 0.305484 -0.791027 0.962325 0.000000 0.000000 0.000000 1.000000 
-0.300522 0.881356 0.364551 0.019473 0.766900 -0.003951 0.641754 -0.081667 0.567054 0.472436 -0.674725 1.064520 0.000000 0.000000 0.000000 1.000000 
-0.388872 0.846069 0.364618 0.059664 0.762751 0.073697 0.642480 -0.140333 0.516711 0.527954 -0.673998 1.030004 0.000000 0.000000 0.000000 1.000000 
-0.463414 0.808112 0.363597 0.088996 0.752292 0.141935 0.643359 -0.116707 0.468299 0.571672 -0.673711 1.067940 0.000000 0.000000 0.000000 1.000000 
-0.493959 0.790036 0.363109 0.072477 0.746502 0.171222 0.642976 -0.155325 0.445802 0.588665 -0.674340 1.022864 0.000000 0.000000 0.000000 1.000000 
-0.496627 0.783369 0.373758 -0.021355 0.768632 0.196895 0.608635 -0.237215 0.403195 0.589547 -0.699906 0.869099 0.000000 0.000000 0.000000 1.000000 
-0.543467 0.718358 0.434288 -0.142291 0.787718 0.257648 0.559570 -0.139855 0.290078 0.646204 -0.705886 0.870387 0.000000 0.000000 0.000000 1.000000 
-0.542281 0.713749 0.443277 0.030257 0.791085 0.256005 0.555560 -0.238408 0.283049 0.651939 -0.703462 0.898119 0.000000 0.000000 0.000000 1.000000 
-0.483793 0.738267 0.470006 0.075451 0.856468 0.288917 0.427772 -0.188842 0.180017 0.609498 -0.772079 0.885697 0.000000 0.000000 0.000000 1.000000 
-0.327009 0.799976 0.503094 -0.085382 0.937227 0.206304 0.281148 -0.182521 0.121121 0.563451 -0.817223 0.765735 0.000000 0.000000 0.000000 1.000000 
-0.001192 0.904700 0.426047 -0.198632 0.999606 0.013022 -0.024856 -0.055598 -0.028035 0.425849 -0.904360 0.685314 0.000000 0.000000 0.000000 1.000000 
0.463397 0.860020 0.213609 -0.291243 0.884889 -0.436233 -0.163315 -0.063325 -0.047271 0.264700 -0.963171 0.666642 0.000000 0.000000 0.000000 1.000000 
0.586754 0.809261 0.028568 -0.325764 0.798710 -0.572573 -0.184990 -0.076732 -0.133348 0.131362 -0.982325 0.652821 0.000000 0.000000 0.000000 1.000000 
0.528998 0.847117 -0.050545 -0.359691 0.801671 -0.518379 -0.297669 -0.041855 -0.278362 0.116946 -0.953330 0.710988 0.000000 0.000000 0.000000 1.000000 
0.597408 0.774287 -0.208767 -0.409386 0.764152 -0.628599 -0.144687 -0.127587 -0.243260 -0.073092 -0.967203 0.941977 0.000000 0.000000 0.000000 1.000000 
0.315152 0.926422 -0.205967 -0.364478 0.841629 -0.373113 -0.390445 -0.050716 -0.438566 -0.050298 -0.897291 1.186809 0.000000 0.000000 0.000000 1.000000 
0.077155 0.971598 -0.223706 -0.072788 0.910994 -0.159875 -0.380172 0.029224 -0.405139 -0.174463 -0.897455 1.087201 0.000000 0.000000 0.000000 1.000000 
-0.134131 0.983515 -0.121270 -0.011788 0.974790 0.108931 -0.194725 -0.144503 -0.178305 -0.144332 -0.973332 1.001206 0.000000 0.000000 0.000000 1.000000 
-0.144404 0.970644 -0.192345 0.214161 0.975333 0.106823 -0.193169 0.027029 -0.166951 -0.215495 -0.962127 0.920629 0.000000 0.000000 0.000000 1.000000 
-0.397212 0.911330 0.108173 0.017965 0.917523 0.391867 0.067770 -0.126512 0.019371 0.126170 -0.991820 0.915335 0.000000 0.000000 0.000000 1.000000 
0.203425 0.960323 0.190785 0.062023 0.978515 -0.192729 -0.073233 0.052292 -0.033558 0.201583 -0.978896 0.940669 0.000000 0.000000 0.000000 1.000000 
-0.005280 0.960094 0.279628 0.123552 0.999623 -0.002465 0.027338 0.043942 0.026937 0.279667 -0.959719 0.987762 0.000000 0.000000 0.000000 1.000000 
-0.006028 0.963365 0.268126 0.046911 0.989072 -0.033755 0.143519 0.043711 0.147312 0.266061 -0.952634 0.977935 0.000000 0.000000 0.000000 1.000000 
-0.024757 0.962614 0.269742 0.041603 0.989261 -0.015289 0.145358 0.043207 0.144048 0.270444 -0.951898 1.079809 0.000000 0.000000 0.000000 1.000000 
-0.170839 0.909276 0.379514 0.084865 0.859621 -0.050691 0.508412 -0.133369 0.481525 0.413095 -0.772973 0.461369 0.000000 0.000000 0.000000 1.000000 
0.054745 0.997974 0.032434 -0.171499 0.998039 -0.055678 0.028592 -0.075931 0.030340 0.030805 -0.999065 0.356716 0.000000 0.000000 0.000000 1.000000 