0.305690 0.939651 -0.153652 -0.362973 0.943473 -0.320654 -0.083909 -0.044752 -0.128114 -0.119316 -0.984556 0.665411 0.000000 0.000000 0.000000 1.000000 
0.109287 0.980576 -0.162871 -0.154208 0.973841 -0.138462 -0.180169 -0.096802 -0.199221 -0.138920 -0.970058 0.735597 0.000000 0.000000 0.000000 1.000000 
0.121094 0.980734 -0.153287 -0.172644 0.977555 -0.144643 -0.153181 -0.140909 -0.172402 -0.131297 -0.976237 0.655489 0.000000 0.000000 0.000000 1.000000 
0.121584 0.980974 -0.151353 -0.175982 0.964318 -0.152869 -0.216151 -0.089885 -0.235176 -0.119672 -0.964557 0.661936 0.000000 0.000000 0.000000 1.000000 
0.143867 0.964210 -0.222711 -0.125270 0.952806 -0.195760 -0.232030 -0.059453 -0.267324 -0.178819 -0.946869 0.677025 0.000000 0.000000 0.000000 1.000000 
0.255101 0.932300 -0.256398 -0.124950 0.933920 -0.306256 -0.184395 -0.056806 -0.250435 -0.192416 -0.948820 0.677305 0.000000 0.000000 0.000000 1.000000 
0.296501 0.870379 -0.393101 -0.007208 0.910834 -0.381483 -0.157646 -0.053170 -0.287173 -0.311307 -0.905881 0.690431 0.000000 0.000000 0.000000 1.000000 
0.104619 0.947723 -0.301457 -0.050156 0.974923 -0.157600 -0.157121 -0.138595 -0.196416 -0.277460 -0.940445 0.678724 0.000000 0.000000 0.000000 1.000000 
-0.007964 0.983620 -0.180077 -0.114725 0.980526 -0.027657 -0.194432 -0.147542 -0.196228 -0.178118 -0.964245 0.667993 0.000000 0.000000 0.000000 1.000000 
0.079436 0.910712 -0.405331 0.062808 0.955199 -0.185836 -0.230345 -0.080106 -0.285103 -0.368874 -0.884674 0.686907 0.000000 0.000000 0.000000 1.000000 
-0.099768 0.961056 -0.257717 0.062552 0.965643 0.031057 -0.258008 -0.158977 -0.239956 -0.274604 -0.931136 0.669028 0.000000 0.000000 0.000000 1.000000 
-0.020727 0.989378 -0.143879 -0.123273 0.994687 0.005891 -0.102781 -0.143962 -0.100842 -0.145245 -0.984243 0.845460 0.000000 0.000000 0.000000 1.000000 
0.004633 0.999840 -0.017286 -0.151467 0.994971 -0.006339 -0.099958 -0.153376 -0.100052 -0.016736 -0.994841 0.815765 0.000000 0.000000 0.000000 1.000000 
0.028412 0.998617 0.044230 -0.108528 0.993432 -0.023303 -0.112024 -0.148890 -0.110838 0.047123 -0.992721 0.809247 0.000000 0.000000 0.000000 1.000000 
-0.190588 0.968957 0.157474 -0.008394 0.967898 0.212257 -0.134614 -0.152516 -0.163860 0.126763 -0.978305 0.826898 0.000000 0.000000 0.000000 1.000000 
-0.128473 0.974298 0.185038 0.044026 0.966437 0.164856 -0.197033 -0.118234 -0.222474 0.153514 -0.962777 0.858079 0.000000 0.000000 0.000000 1.000000 
-0.252686 0.939306 0.232063 0.123425 0.925677 0.304488 -0.224517 -0.085234 -0.281551 0.158083 -0.946435 0.891788 0.000000 0.000000 0.000000 1.000000 
-0.368650 0.877455 0.306869 0.175982 0.856401 0.448970 -0.254957 -0.019108 -0.361488 0.168813 -0.916967 0.932869 0.000000 0.000000 0.000000 1.000000 
-0.324600 0.886549 0.329645 0.213092 0.836535 0.431731 -0.337368 0.043677 -0.441411 0.166249 -0.881769 0.969669 0.000000 0.000000 0.000000 1.000000 
-0.367367 0.834450 0.410773 0.155838 0.861624 0.471638 -0.187515 0.053994 -0.350208 0.285045 -0.892246 0.950594 0.000000 0.000000 0.000000 1.000000 
-0.256350 0.863050 0.435235 0.002238 0.930402 0.342370 -0.130904 -0.031177 -0.261988 0.371386 -0.890749 0.901888 0.000000 0.000000 0.000000 1.000000 
-0.140389 0.905126 0.401294 -0.091666 0.972521 0.202091 -0.115592 -0.063924 -0.185723 0.374039 -0.908626 0.841605 0.000000 0.000000 0.000000 1.000000 
-0.000456 0.943993 0.329966 -0.155023 0.995746 0.030830 -0.086826 -0.091780 -0.092136 0.328523 -0.939991 0.789627 0.000000 0.000000 0.000000 1.000000 
0.011625 0.939714 0.341764 -0.171946 0.998128 0.009621 -0.060404 -0.096871 -0.060051 0.341827 -0.937842 0.751986 0.000000 0.000000 0.000000 1.000000 
0.201684 0.947042 0.249869 -0.228555 0.978672 -0.205024 -0.012874 -0.094320 0.039037 0.247136 -0.968194 0.715876 0.000000 0.000000 0.000000 1.000000 
0.324527 0.925323 0.196110 -0.263415 0.940131 -0.338364 0.040787 -0.069268 0.104098 0.171133 -0.979733 0.710067 0.000000 0.000000 0.000000 1.000000 
0.498244 0.859068 0.117284 -0.345689 0.858757 -0.507599 0.069848 0.015038 0.119537 0.065917 -0.990639 0.719230 0.000000 0.000000 0.000000 1.000000 
0.503959 0.863179 0.030782 -0.371916 0.858661 -0.504539 0.090234 0.030053 0.093419 -0.019043 -0.995445 0.752699 0.000000 0.000000 0.000000 1.000000 
0.110415 0.991027 -0.075330 -0.276089 0.989234 -0.102258 0.104686 -0.144584 0.096044 -0.086078 -0.991648 0.778738 0.000000 0.000000 0.000000 1.000000 
0.258196 0.952260 -0.162896 -0.308338 0.965304 -0.247479 0.083325 -0.074481 0.039034 -0.178758 -0.983118 0.834926 0.000000 0.000000 0.000000 1.000000 
0.430299 0.862065 -0.267745 -0.336039 0.900615 -0.430073 0.062681 0.046341 -0.061115 -0.268107 -0.961449 0.920618 0.000000 0.000000 0.000000 1.000000 
0.341323 0.877944 -0.335728 -0.338940 0.930970 -0.365008 -0.008027 0.052624 -0.129591 -0.309813 -0.941925 0.970193 0.000000 0.000000 0.000000 1.000000 
-0.099100 0.950317 -0.295087 -0.392957 0.974771 0.033108 -0.220737 -0.088717 -0.200000 -0.309517 -0.929623 1.006542 0.000000 0.000000 0.000000 1.000000 
-0.101374 0.921086 -0.375932 -0.325442 0.975522 0.017914 -0.219169 0.018107 -0.195139 -0.388948 -0.900356 0.942469 0.000000 0.000000 0.000000 1.000000 
-0.250444 0.864762 -0.435275 -0.101822 0.966561 0.197750 -0.163260 -0.054057 -0.055105 -0.461608 -0.885371 0.882459 0.000000 0.000000 0.000000 1.000000 
-0.296918 0.879628 -0.371610 -0.055873 0.952260 0.301688 -0.046742 -0.133625 0.070995 -0.367748 -0.927212 0.792746 0.000000 0.000000 0.000000 1.000000 
-0.420980 0.876517 -0.233438 -0.099444 0.903035 0.429239 -0.016813 -0.158341 0.085464 -0.217881 -0.972226 0.735923 0.000000 0.000000 0.000000 1.000000 
-0.173249 0.951079 -0.255798 -0.016300 0.979483 0.193534 0.056184 -0.106804 0.102941 -0.240817 -0.965096 0.715763 0.000000 0.000000 0.000000 1.000000 
-0.361635 0.923351 -0.129011 0.017201 0.923010 0.374086 0.090070 -0.132167 0.131427 -0.086506 -0.987544 0.675315 0.000000 0.000000 0.000000 1.000000 
-0.550405 0.832456 -0.063802 0.138916 0.815920 0.552522 0.170277 -0.135576 0.177000 0.041664 -0.983329 0.653016 0.000000 0.000000 0.000000 1.000000 
-0.667629 0.744470 0.006071 0.187417 0.727579 0.650710 0.217268 -0.128008 0.157799 0.149471 -0.976093 0.661749 0.000000 0.000000 0.000000 1.000000 
-0.405347 0.893534 0.193108 0.037327 0.907892 0.368782 0.199330 -0.016547 0.106894 0.256119 -0.960717 0.615359 0.000000 0.000000 0.000000 1.000000 
0.164288 0.863340 0.477131 -0.091148 0.980422 -0.196146 0.017331 -0.012532 0.108549 0.464942 -0.878661 0.623804 0.000000 0.000000 0.000000 1.000000 
0.052450 0.857287 0.512160 -0.019666 0.995456 -0.085703 0.041510 -0.082931 0.079480 0.507655 -0.857887 0.619820 0.000000 0.000000 0.000000 1.000000 
-0.078869 0.805070 0.587913 0.027448 0.996868 0.067084 0.041868 -0.113468 -0.005733 0.589374 -0.807840 0.704032 0.000000 0.000000 0.000000 1.000000 