0.632785 -0.774227 0.012484 -437.821963 -0.725022 -0.598076 -0.341537 -419.751162 0.271894 0.207068 -0.939785 1626.847207 0 0 0 1
0.080139 -0.971324 -0.223847 -922.085471 -0.851718 0.049938 -0.521615 763.34306 0.517836 0.232457 -0.823292 1643.584736 0 0 0 1
0.411207 -0.889644 0.198602 -1684.401403 -0.825054 -0.455881 -0.333855 -212.509977 0.387551 -0.026574 -0.921465 1449.041061 0 0 0 1
0.716426 -0.547174 0.432822 -550.835093 -0.461877 -0.836955 -0.293559 -236.053706 0.52288 0.010402 -0.852343 988.025335 0 0 0 1
0.466229 -0.881101 -0.079324 -336.161585 -0.863839 -0.434079 -0.255653 98.665247 0.190823 0.187716 -0.963509 1138.303168 0 0 0 1