0.005373 0.980702 -0.195434 -0.150591 0.998117 -0.017202 -0.058879 -0.051494 -0.061105 -0.194749 -0.978948 0.527526 0.000000 0.000000 0.000000 1.000000 
-0.145253 0.987781 -0.056485 0.002129 0.972359 0.153067 0.176316 -0.104094 0.182808 -0.029313 -0.982712 0.456840 0.000000 0.000000 0.000000 1.000000 
-0.352999 0.888467 0.293290 0.016005 0.927698 0.291652 0.233057 -0.135466 0.121525 0.354353 -0.927181 0.472280 0.000000 0.000000 0.000000 1.000000 
-0.409751 0.819226 0.401214 0.069993 0.910364 0.339376 0.236774 -0.058537 0.057809 0.462269 -0.884853 0.553243 0.000000 0.000000 0.000000 1.000000 
-0.417489 0.722486 0.551104 -0.028787 0.908168 0.352147 0.226325 -0.131521 -0.030553 0.594984 -0.803157 0.552372 0.000000 0.000000 0.000000 1.000000 
-0.271248 0.918632 0.287298 0.025659 0.959120 0.282999 0.000653 -0.073203 -0.080706 0.275730 -0.957841 0.490246 0.000000 0.000000 0.000000 1.000000 
0.165041 0.986001 -0.023718 -0.092260 0.986204 -0.165292 -0.008997 -0.087799 -0.012791 -0.021906 -0.999678 0.469501 0.000000 0.000000 0.000000 1.000000 
-0.023346 0.995746 -0.089131 -0.177214 0.998253 0.018378 -0.056156 -0.119537 -0.054280 -0.090286 -0.994436 0.501879 0.000000 0.000000 0.000000 1.000000 
0.000565 0.999999 -0.001607 -0.239355 0.963368 -0.000976 -0.268181 -0.118795 -0.268183 -0.001397 -0.963367 0.528109 0.000000 0.000000 0.000000 1.000000 
-0.100132 0.994931 0.009223 -0.095141 0.939760 0.097616 -0.327602 -0.077582 -0.326841 -0.024136 -0.944771 0.500158 0.000000 0.000000 0.000000 1.000000 
-0.496857 0.843961 0.202147 0.105003 0.848873 0.521057 -0.088957 -0.148621 -0.180406 0.127398 -0.975307 0.473128 0.000000 0.000000 0.000000 1.000000 
-0.371998 0.896118 0.242054 0.162962 0.899075 0.412693 -0.146114 -0.089560 -0.230829 0.163271 -0.959198 0.498763 0.000000 0.000000 0.000000 1.000000 
-0.572784 0.708159 0.412831 0.166386 0.784309 0.619871 0.024882 -0.066913 -0.238282 0.338039 -0.910468 0.613111 0.000000 0.000000 0.000000 1.000000 
-0.001794 0.994221 -0.107338 -0.048385 0.939881 0.038332 0.339343 -0.126316 0.341496 -0.100276 -0.934519 0.495829 0.000000 0.000000 0.000000 1.000000 
0.144553 0.983973 -0.104410 -0.267856 0.930760 -0.099399 0.351861 -0.124221 0.335844 -0.148043 -0.930211 0.514493 0.000000 0.000000 0.000000 1.000000 
0.328339 0.910906 -0.249887 -0.265195 0.919412 -0.247570 0.305598 -0.043453 0.216507 -0.330089 -0.918785 0.617916 0.000000 0.000000 0.000000 1.000000 
0.372518 0.873714 -0.312817 -0.254482 0.927916 -0.345505 0.139995 -0.048833 0.014236 -0.342418 -0.939440 0.630618 0.000000 0.000000 0.000000 1.000000 
0.261583 0.908915 -0.324728 -0.095957 0.965011 -0.239986 0.105640 -0.065840 0.018088 -0.341000 -0.939889 0.562783 0.000000 0.000000 0.000000 1.000000 
0.076019 0.987047 -0.141275 -0.122035 0.989834 -0.057623 0.130029 -0.131800 0.120204 -0.149724 -0.981394 0.513460 0.000000 0.000000 0.000000 1.000000 
-0.215382 0.976425 0.014325 0.032124 0.962349 0.209741 0.172895 -0.141446 0.165815 0.051025 -0.984836 0.465407 0.000000 0.000000 0.000000 1.000000 
-0.426902 0.889457 0.163158 0.083671 0.896621 0.392871 0.204264 -0.109701 0.117585 0.233492 -0.965223 0.491180 0.000000 0.000000 0.000000 1.000000 
-0.053684 0.977015 0.206299 0.065828 0.997008 0.063949 -0.043413 -0.119510 -0.055608 0.203352 -0.977525 0.438643 0.000000 0.000000 0.000000 1.000000 
-0.364880 0.820318 0.440387 0.154196 0.925742 0.370104 0.077616 -0.098710 -0.099319 0.436005 -0.894447 0.540240 0.000000 0.000000 0.000000 1.000000 
-0.450364 0.746979 0.489076 0.177579 0.859553 0.510925 0.011167 -0.095910 -0.241539 0.425416 -0.872170 0.494033 0.000000 0.000000 0.000000 1.000000 
-0.280602 0.884676 0.372306 0.077003 0.921243 0.357106 -0.154230 -0.100060 -0.269396 0.299707 -0.915206 0.420969 0.000000 0.000000 0.000000 1.000000 
0.137489 0.989095 0.052792 -0.053219 0.949059 -0.116293 -0.292852 -0.079187 -0.283519 0.090367 -0.954699 0.384528 0.000000 0.000000 0.000000 1.000000 
0.412491 0.904163 -0.111090 -0.189943 0.898337 -0.423970 -0.115065 -0.046516 -0.151136 -0.052333 -0.987127 0.473304 0.000000 0.000000 0.000000 1.000000 
0.628826 0.740774 -0.236287 -0.329554 0.766851 -0.641077 0.030991 0.019167 -0.128521 -0.200685 -0.971189 0.539155 0.000000 0.000000 0.000000 1.000000 
0.232894 0.945570 -0.227283 -0.287516 0.938232 -0.279960 -0.203328 -0.039668 -0.255891 -0.165891 -0.952366 0.556601 0.000000 0.000000 0.000000 1.000000 
0.216230 0.953903 -0.208121 -0.253206 0.921267 -0.269925 -0.280014 -0.097463 -0.323283 -0.131187 -0.937165 0.651843 0.000000 0.000000 0.000000 1.000000 
-0.049479 0.996723 -0.063988 -0.054703 0.934971 0.023691 -0.353932 -0.088253 -0.351257 -0.077339 -0.933080 0.596733 0.000000 0.000000 0.000000 1.000000 
-0.369266 0.903652 0.216925 0.014196 0.870917 0.417945 -0.258506 -0.120629 -0.324262 0.093466 -0.941339 0.570498 0.000000 0.000000 0.000000 1.000000 
-0.579875 0.761432 0.289771 0.164948 0.766598 0.630366 -0.122337 -0.092709 -0.275813 0.151198 -0.949245 0.582838 0.000000 0.000000 0.000000 1.000000 
-0.513027 0.767986 0.383407 0.203742 0.825145 0.564311 -0.026241 -0.079124 -0.236514 0.302904 -0.923207 0.570682 0.000000 0.000000 0.000000 1.000000 
-0.614707 0.651227 0.445015 0.250935 0.755279 0.648610 0.094117 -0.069486 -0.227349 0.393965 -0.890564 0.626438 0.000000 0.000000 0.000000 1.000000 
-0.081519 0.740053 0.667590 0.073547 0.993269 0.005024 0.115717 -0.104346 0.082283 0.672530 -0.735481 0.571208 0.000000 0.000000 0.000000 1.000000 
0.153707 0.760074 0.631397 -0.254256 0.983078 -0.182078 -0.020135 -0.102379 0.099659 0.623807 -0.775198 0.501030 0.000000 0.000000 0.000000 1.000000 
0.317094 0.855031 0.410333 -0.138990 0.937514 -0.347947 0.000548 -0.096860 0.143243 0.384519 -0.911935 0.502342 0.000000 0.000000 0.000000 1.000000 
0.323501 0.930612 0.171198 -0.153308 0.939385 -0.337581 0.059959 -0.057032 0.113592 0.141424 -0.983410 0.488641 0.000000 0.000000 0.000000 1.000000 
0.569558 0.812297 -0.125610 -0.070734 0.819927 -0.550763 0.156139 -0.045623 0.057650 -0.191921 -0.979716 0.539749 0.000000 0.000000 0.000000 1.000000 