0.9840276  -0.1549225   0.08768468 -0.09892396 -0.15394306 -0.9879182  -0.01786553  0.06618096 0.08939306  0.00408172 -0.9959881   0.29212308 0 0 0 1
0.9775478  -0.16566902  0.13020752 -0.08118465 -0.1635482  -0.9861688  -0.02689115  0.07386995 0.13286161  0.00499218 -0.991122    0.2930933 0 0 0 1
0.98378855 -0.04689058  0.17309345 -0.08531509 -0.03757446 -0.9976832  -0.0567129   0.06930263 0.17535172  0.04928961 -0.98327124  0.29046342 0 0 0 1
0.9834278  -0.11755671  0.1380224  -0.08574312 -0.07045014 -0.9492501  -0.30653062  0.05144901 0.1670525   0.29172704 -0.94180083  0.2875653 0 0 0 1
0.9811653  -0.1163893   0.15416923 -0.12943962 -0.06587836 -0.9518681  -0.29934445  0.07466037 0.18158926  0.28354996 -0.94160753  0.28690544 0 0 0 1
0.9873866  -0.10435472  0.11907079 -0.1403258 -0.06683836 -0.95648587 -0.28402016  0.07379286 0.14352837  0.2724792  -0.95139617  0.28809488 0 0 0 1
0.98847014 -0.09797096  0.11544888 -0.12714924 -0.06464639 -0.96254015 -0.26331967  0.08116835 0.13692187  0.25282028 -0.9577757   0.31182927 0 0 0 1 
0.9890396  -0.07717513  0.12587559 -0.12266855 -0.05404324 -0.9825825  -0.17779478  0.09645592 0.13740449  0.16904336 -0.9759838   0.31594124 0 0 0 1
0.9965651  -0.04792943  0.06753335 -0.10019105 -0.04345301 -0.99685556 -0.06626314  0.05072876 0.07049695  0.06310101 -0.99551415  0.33452392 0 0 0 1
0.9970943  -0.02649987  0.07142004 -0.09914278 -0.02748579 -0.9995395   0.0128571   0.06234424 0.07104644 -0.01478278 -0.99736345  0.34162366 0 0 0 1
0.99938923 -0.00334581  0.03478467 -0.09520229 -0.00735502 -0.99324787  0.11577834  0.06519139 0.03416243 -0.11596347 -0.9926658   0.42356342 0 0 0 1
0.9983969   0.00615164  0.05626584 -0.10180944 -0.00818229 -0.9679483   0.2510162   0.10440411 0.05600658 -0.2510742  -0.9663462   0.46593478 0 0 0 1
0.9983726   0.01587166  0.05477455 -0.10375158 -0.0016924  -0.9518208   0.3066501   0.07048488 0.0570026  -0.30624375 -0.95024496  0.47047982 0 0 0 1
0.99666303 -0.07495674  0.03231458 -0.15523036 -0.0632701  -0.9595464  -0.27434954  0.04811303 0.05157169  0.27138948 -0.9610869   0.39335465 0 0 0 1
0.99598235 -0.08924368  0.00740045 -0.15367106 -0.07832016 -0.9081719  -0.4112053   0.09994146 0.04341836  0.4089736  -0.91151273  0.39089537 0 0 0 1
0.9942439  -0.10679539 -0.00859112 -0.11286517 -0.09945249 -0.8901031  -0.444776    0.07546937 0.03985304  0.44307023 -0.8956006   0.39225358 0 0 0 1
0.9864756  -0.0863763  -0.13930188 -0.1369947 -0.13916607 -0.89038277 -0.43341815  0.07602854 -0.08659493  0.4469425  -0.89036155  0.3777876 0 0 0 1
0.9862862  -0.09352833 -0.13598514 -0.10041726 -0.09853228 -0.99466544 -0.03053007  0.09207926 -0.13240428  0.04351032 -0.99024034  0.37597233 0 0 0 1
0.96850693 -0.07340974 -0.2379187  -0.08616311 -0.08326142 -0.9960262  -0.03161265  0.09183314 -0.2346526   0.05042652 -0.9707705   0.39448124 0 0 0 1
0.97075266 -0.09494159 -0.22051163 -0.07842623 -0.05820777 -0.9841551   0.16748285  0.10439522 -0.23291875 -0.14974894 -0.96089756  0.42511666 0 0 0 1
0.9639334  -0.17777663  0.19806015  0.00845863 -0.20538266 -0.9701757   0.12875202  0.11639085 0.16926405 -0.1647865  -0.97169703  0.35302424 0 0 0 1
0.94621986 -0.32125938  0.03821475 -0.011097 -0.2779646  -0.86771846 -0.41206837  0.05968238 0.16554047  0.37928492 -0.9103512   0.3139425 0 0 0 1
0.87093    -0.22667815 -0.43600217 -0.02710467 -0.35894606 -0.89942133 -0.24939726  0.07095529 -0.33561674  0.3737088  -0.8646983   0.35753375 0 0 0 1
0.89202726 -0.2567197  -0.37199777 -0.00490026 -0.354425   -0.90804654 -0.22323617  0.06009775 -0.28048217  0.33097807 -0.9009902   0.42559132 0 0 0 1
0.9333175  -0.07886734 -0.3502833   0.02193458 -0.15628716 -0.96754426 -0.19857614  0.09969366 -0.32325342  0.24007937 -0.9153519   0.41315413 0 0 0 1
0.98637265 -0.13410594 -0.09531298 -0.11365185 -0.15283422 -0.9613475  -0.22902536  0.10955363 -0.06091524  0.24047145 -0.9687429   0.38329682 0 0 0 1
0.97687614 -0.11714096  0.17886034  0.10597115 -0.1875456  -0.87116486  0.45376036  0.05562948 0.10266291 -0.47681212 -0.8729894   0.6933692 0 0 0 1
0.96172976 -0.05346381  0.26873308  0.04945088 -0.21249832 -0.7646968   0.60834473  0.02114705 0.17297488 -0.6421686  -0.7467926   0.6448315 0 0 0 1
0.8365683  -0.10448895  0.5378063  -0.10147877 -0.4204308  -0.7518373   0.5079159   0.07324613 0.3512712  -0.6510167  -0.6728936   0.66082436 0 0 0 1
0.7942319  -0.05692881  0.604942   -0.0999238 -0.455754   -0.71426386  0.5311454   0.05554485 0.40185073 -0.69755733 -0.5932367   0.63403946 0 0 0 1
0.9305205   0.09989701  0.35235235 -0.01226219 -0.19078273 -0.68901914  0.6991814   0.02894418 0.31262365 -0.7178253  -0.62208784  0.6180895 0 0 0 1
0.81363     0.3503089  -0.4639935   0.09582444 0.57360667 -0.61378706  0.54243976  0.07796372 -0.09477171 -0.707495   -0.700335    0.60644865 0 0 0 1
0.8407556   0.18008254 -0.5105882   0.02183574 0.48379138 -0.67325026  0.55917794  0.01977252 -0.24305548 -0.71715015 -0.6531613   0.6233294 0 0 0 1
0.8520521   0.26552606 -0.45111322  0.10029843 0.4608484  -0.78921366  0.40590706 -0.04770644 -0.24824582 -0.5537487  -0.7948184   0.81374174 0 0 0 1
0.9668618  -0.21273696  0.14114262 -0.1749986 -0.2535237  -0.8651694   0.432675    0.12023292 0.0300663  -0.45411995 -0.8904331   0.4186633 0 0 0 1
0.9991752  -0.0368473  -0.01706402 -0.15550616 -0.02799421 -0.9294623   0.36785337  0.04786082 -0.02941477 -0.36707225 -0.92972726  0.38332388 0 0 0 1
0.99795455 -0.06365136  0.00593468 -0.19595729 -0.06168104 -0.98312217 -0.172239    0.05848231 0.01679776  0.17152064 -0.9850373   0.4680335 0 0 0 1
0.8583881   0.3930871  -0.32962456  0.06510884 0.37497324 -0.91926616 -0.11976981  0.07755053 -0.35009268 -0.02079141 -0.9364843   0.5086011 0 0 0 1
0.9565998   0.2907123   0.02008032  0.03447028 0.28726038 -0.9523334   0.10267729  0.00961571 0.04897271 -0.09245279 -0.994512    0.49598765 0 0 0 1
0.9992068   0.0210849  -0.03378179 -0.0944285 0.02604244 -0.98776203  0.15377885 -0.02001907 -0.03012595 -0.15453663 -0.98752767  0.52649856 0 0 0 1