-0.18673521  0.9823618  -0.00976195 -0.02573011  0.96588904  0.1854005   0.18078995 -0.09132864  0.17941101  0.02433089 -0.9834733   0.35612386  0.          0.          0.          1.        
-0.18673521  0.9823618  -0.00976195 -0.02573011  0.96588904  0.1854005   0.18078995 -0.09132864  0.17941101  0.02433089 -0.9834733   0.35612386  0.          0.          0.          1.        
-0.5748066   0.8181927  -0.01257152  0.10296082  0.70750684  0.50464785  0.4947369  -0.10185535  0.41113433  0.2754836  -0.86895186  0.39126354  0.          0.          0.          1.        
-0.3033658   0.8887192   0.34372568  0.11794469  0.9183187   0.17641732  0.3543553  -0.10744138  0.25428322  0.42314902 -0.86964643  0.43158925  0.          0.          0.          1.        
-0.15817413  0.91729397  0.3654486   0.08571629  0.98679745  0.15989837  0.02575467 -0.08842529 -0.03481003  0.36469746 -0.9304752   0.41854936  0.          0.          0.          1.        
-0.00368925  0.9230388   0.38468927 -0.00100493  0.95695806  0.11489823 -0.26651394 -0.08038445 -0.29020283  0.36714825 -0.8837333   0.44692215  0.          0.          0.          1.        
 0.18461673  0.9060923   0.3806749  -0.11818679  0.8687441   0.03066694 -0.49431092 -0.03228565 -0.45956546  0.42196712 -0.7815007   0.4921769   0.          0.          0.          1.        
 0.1209055   0.8745382   0.46964335 -0.2228321   0.84026074  0.16173859 -0.51749635 -0.06851996 -0.52852976  0.45719105 -0.715285    0.4605926   0.          0.          0.          1.        
-7.76304048e-04  9.91277933e-01  1.31785676e-01 -9.49861333e-02  9.13869500e-01  5.42092398e-02 -4.02372867e-01 -1.11717731e-01 -4.06007349e-01  1.20122544e-01 -9.05940711e-01  5.12587905e-01  0.00000000e+00  0.00000000e+00  0.00000000e+00  1.00000000e+00
 0.06266031  0.9978925   0.01685837 -0.20390894  0.9099411  -0.05018252 -0.41169032 -0.13448386 -0.40997672  0.04113677 -0.91116786  0.58143497  0.          0.          0.          1.        
-0.05044741  0.97332436 -0.2238185  -0.09185834  0.9249319  -0.03901179 -0.3781258  -0.04480941 -0.37677062 -0.22609232 -0.8982907   0.55492187  0.          0.          0.          1.        
-0.03977235  0.9588243  -0.2812013  -0.08086003  0.93973607 -0.05974816 -0.3366396  -0.0539797  -0.3395795  -0.27764398 -0.8986654   0.4861069   0.          0.          0.          1.        
-0.23017341  0.9444588  -0.23455879 -0.00765324  0.92010206  0.13271748 -0.36850822 -0.0900211  -0.31691077 -0.30063882 -0.8995465   0.45853478  0.          0.          0.          1.        
 0.03624204  0.99269867 -0.11504707 -0.02244137  0.9952581  -0.04625235 -0.08556901 -0.1087648  -0.09026545 -0.11140034 -0.98966765  0.4835903   0.          0.          0.          1.        
-0.1987845   0.9785784   0.05356312  0.06254677  0.9787699   0.19544439  0.06173307 -0.08775672  0.04994204  0.06469754 -0.9966544   0.45250726  0.          0.          0.          1.        
-0.631877 0.744408 0.215842 0.136448 0.771925 0.579363 0.261668 -0.043444 0.069737 0.331956 -0.940713 0.508673 0.000000 0.000000 0.000000 1.000000 
-0.041040 0.913985 0.403667 0.070990 0.978984 -0.043992 0.199137 -0.065423 0.199766 0.403356 -0.892971 0.533984 0.000000 0.000000 0.000000 1.000000 
0.093847 0.904153 0.416773 -0.132823 0.962555 -0.189337 0.194008 -0.048476 0.254323 0.382960 -0.888066 0.445170 0.000000 0.000000 0.000000 1.000000 
0.330981 0.907228 0.259592 -0.053800 0.906145 -0.382341 0.180876 -0.067944 0.263349 0.175361 -0.948628 0.448971 0.000000 0.000000 0.000000 1.000000 
0.499591 0.860306 0.101399 -0.130392 0.834882 -0.509404 0.208520 -0.031044 0.231044 -0.019518 -0.972748 0.451057 0.000000 0.000000 0.000000 1.000000 
0.245606 0.961675 -0.121897 -0.160267 0.958701 -0.222369 0.177327 -0.025919 0.143424 -0.160415 -0.976574 0.538161 0.000000 0.000000 0.000000 1.000000 
-0.019931 0.975693 -0.218236 -0.161936 0.977729 0.064634 0.199672 -0.059230 0.208924 -0.209395 -0.955251 0.569881 0.000000 0.000000 0.000000 1.000000 
0.043149 0.986388 -0.158672 -0.034382 0.933535 0.016766 0.358094 -0.033073 0.355880 -0.163577 -0.920104 0.558262 0.000000 0.000000 0.000000 1.000000 
-0.237480 0.971110 -0.023406 -0.077268 0.836308 0.216653 0.503637 -0.106680 0.494159 0.100029 -0.863598 0.500542 0.000000 0.000000 0.000000 1.000000 
-0.422529 0.905986 0.025673 0.084758 0.760409 0.338937 0.553985 -0.101772 0.493201 0.253597 -0.832131 0.529393 0.000000 0.000000 0.000000 1.000000 
-0.538600 0.839895 0.066982 0.142257 0.699920 0.401743 0.590520 -0.126692 0.469066 0.364936 -0.804238 0.534566 0.000000 0.000000 0.000000 1.000000 
-0.502410 0.828209 0.248301 0.169984 0.751527 0.276292 0.599057 -0.165693 0.427541 0.487577 -0.761234 0.574210 0.000000 0.000000 0.000000 1.000000 
0.104441 0.975732 0.192455 -0.044012 0.919312 -0.020891 -0.392975 -0.056275 -0.379418 0.217968 -0.899184 0.519838 0.000000 0.000000 0.000000 1.000000 
0.071001 0.979093 0.190620 -0.237619 0.931810 0.003087 -0.362933 -0.150054 -0.355934 0.203390 -0.912110 0.616894 0.000000 0.000000 0.000000 1.000000 
0.014870 0.988931 -0.147627 -0.215741 0.959125 -0.055835 -0.277420 -0.169964 -0.282592 -0.137468 -0.949339 0.705865 0.000000 0.000000 0.000000 1.000000 
-0.338958 0.898973 0.277409 -0.112268 0.694202 0.438004 -0.571171 -0.094158 -0.634973 -0.001025 -0.772533 0.613521 0.000000 0.000000 0.000000 1.000000 
-0.000620 0.997703 0.067742 0.020033 0.821377 0.039147 -0.569040 -0.062864 -0.570385 0.055289 -0.819515 0.537164 0.000000 0.000000 0.000000 1.000000 
0.351279 0.930865 0.100465 -0.075120 0.831969 -0.359562 0.422543 -0.032882 0.429454 -0.064846 -0.900758 0.390927 0.000000 0.000000 0.000000 1.000000 
0.025631 0.969955 0.241931 -0.037621 0.840856 -0.151805 0.519535 -0.057089 0.540652 0.190113 -0.819483 0.423159 0.000000 0.000000 0.000000 1.000000 
-0.201453 0.934544 0.293333 -0.184813 0.867484 0.031160 0.496489 -0.076280 0.454850 0.354481 -0.816979 0.497025 0.000000 0.000000 0.000000 1.000000 
-0.352327 0.888577 0.293762 0.063608 0.852628 0.175347 0.492218 -0.063440 0.385863 0.423891 -0.819406 0.578699 0.000000 0.000000 0.000000 1.000000 
-0.372017 0.861128 0.346499 0.127785 0.907598 0.259196 0.330277 -0.101588 0.194600 0.437351 -0.877984 0.588045 0.000000 0.000000 0.000000 1.000000 
0.554164 0.831843 -0.030648 -0.093094 0.826249 -0.554162 -0.101083 -0.050530 -0.101069 0.030694 -0.994406 0.515660 0.000000 0.000000 0.000000 1.000000 
0.328781 0.934163 -0.138714 -0.177457 0.933296 -0.343853 -0.103556 -0.107476 -0.144435 -0.095414 -0.984903 0.680938 0.000000 0.000000 0.000000 1.000000 
-0.052084 0.898208 -0.436474 0.006247 0.983904 -0.028658 -0.176383 -0.082532 -0.170937 -0.438635 -0.882258 0.574190 0.000000 0.000000 0.000000 1.000000 