-0.020727 0.989378 -0.143879 -0.123273 0.994687 0.005891 -0.102781 -0.143962 -0.100842 -0.145245 -0.984243 0.845460 0.000000 0.000000 0.000000 1.000000 
0.004633 0.999840 -0.017286 -0.151467 0.994971 -0.006339 -0.099958 -0.153376 -0.100052 -0.016736 -0.994841 0.815765 0.000000 0.000000 0.000000 1.000000 
0.028412 0.998617 0.044230 -0.108528 0.993432 -0.023303 -0.112024 -0.148890 -0.110838 0.047123 -0.992721 0.809247 0.000000 0.000000 0.000000 1.000000 
-0.190588 0.968957 0.157474 -0.008394 0.967898 0.212257 -0.134614 -0.152516 -0.163860 0.126763 -0.978305 0.826898 0.000000 0.000000 0.000000 1.000000 
-0.128473 0.974298 0.185038 0.044026 0.966437 0.164856 -0.197033 -0.118234 -0.222474 0.153514 -0.962777 0.858079 0.000000 0.000000 0.000000 1.000000 
-0.252686 0.939306 0.232063 0.123425 0.925677 0.304488 -0.224517 -0.085234 -0.281551 0.158083 -0.946435 0.891788 0.000000 0.000000 0.000000 1.000000 
-0.368650 0.877455 0.306869 0.175982 0.856401 0.448970 -0.254957 -0.019108 -0.361488 0.168813 -0.916967 0.932869 0.000000 0.000000 0.000000 1.000000 
-0.324600 0.886549 0.329645 0.213092 0.836535 0.431731 -0.337368 0.043677 -0.441411 0.166249 -0.881769 0.969669 0.000000 0.000000 0.000000 1.000000 
-0.367367 0.834450 0.410773 0.155838 0.861624 0.471638 -0.187515 0.053994 -0.350208 0.285045 -0.892246 0.950594 0.000000 0.000000 0.000000 1.000000 
-0.256350 0.863050 0.435235 0.002238 0.930402 0.342370 -0.130904 -0.031177 -0.261988 0.371386 -0.890749 0.901888 0.000000 0.000000 0.000000 1.000000 
-0.140389 0.905126 0.401294 -0.091666 0.972521 0.202091 -0.115592 -0.063924 -0.185723 0.374039 -0.908626 0.841605 0.000000 0.000000 0.000000 1.000000 
-0.000456 0.943993 0.329966 -0.155023 0.995746 0.030830 -0.086826 -0.091780 -0.092136 0.328523 -0.939991 0.789627 0.000000 0.000000 0.000000 1.000000 
0.011625 0.939714 0.341764 -0.171946 0.998128 0.009621 -0.060404 -0.096871 -0.060051 0.341827 -0.937842 0.751986 0.000000 0.000000 0.000000 1.000000 
0.201684 0.947042 0.249869 -0.228555 0.978672 -0.205024 -0.012874 -0.094320 0.039037 0.247136 -0.968194 0.715876 0.000000 0.000000 0.000000 1.000000 
0.324527 0.925323 0.196110 -0.263415 0.940131 -0.338364 0.040787 -0.069268 0.104098 0.171133 -0.979733 0.710067 0.000000 0.000000 0.000000 1.000000 
0.498244 0.859068 0.117284 -0.345689 0.858757 -0.507599 0.069848 0.015038 0.119537 0.065917 -0.990639 0.719230 0.000000 0.000000 0.000000 1.000000 
0.503959 0.863179 0.030782 -0.371916 0.858661 -0.504539 0.090234 0.030053 0.093419 -0.019043 -0.995445 0.752699 0.000000 0.000000 0.000000 1.000000 
0.110415 0.991027 -0.075330 -0.276089 0.989234 -0.102258 0.104686 -0.144584 0.096044 -0.086078 -0.991648 0.778738 0.000000 0.000000 0.000000 1.000000 
0.258196 0.952260 -0.162896 -0.308338 0.965304 -0.247479 0.083325 -0.074481 0.039034 -0.178758 -0.983118 0.834926 0.000000 0.000000 0.000000 1.000000 
0.430299 0.862065 -0.267745 -0.336039 0.900615 -0.430073 0.062681 0.046341 -0.061115 -0.268107 -0.961449 0.920618 0.000000 0.000000 0.000000 1.000000 
0.341323 0.877944 -0.335728 -0.338940 0.930970 -0.365008 -0.008027 0.052624 -0.129591 -0.309813 -0.941925 0.970193 0.000000 0.000000 0.000000 1.000000 
-0.099100 0.950317 -0.295087 -0.392957 0.974771 0.033108 -0.220737 -0.088717 -0.200000 -0.309517 -0.929623 1.006542 0.000000 0.000000 0.000000 1.000000 
-0.101374 0.921086 -0.375932 -0.325442 0.975522 0.017914 -0.219169 0.018107 -0.195139 -0.388948 -0.900356 0.942469 0.000000 0.000000 0.000000 1.000000 
-0.250444 0.864762 -0.435275 -0.101822 0.966561 0.197750 -0.163260 -0.054057 -0.055105 -0.461608 -0.885371 0.882459 0.000000 0.000000 0.000000 1.000000 
-0.296918 0.879628 -0.371610 -0.055873 0.952260 0.301688 -0.046742 -0.133625 0.070995 -0.367748 -0.927212 0.792746 0.000000 0.000000 0.000000 1.000000 
-0.420980 0.876517 -0.233438 -0.099444 0.903035 0.429239 -0.016813 -0.158341 0.085464 -0.217881 -0.972226 0.735923 0.000000 0.000000 0.000000 1.000000 
-0.173249 0.951079 -0.255798 -0.016300 0.979483 0.193534 0.056184 -0.106804 0.102941 -0.240817 -0.965096 0.715763 0.000000 0.000000 0.000000 1.000000 
-0.361635 0.923351 -0.129011 0.017201 0.923010 0.374086 0.090070 -0.132167 0.131427 -0.086506 -0.987544 0.675315 0.000000 0.000000 0.000000 1.000000 
-0.550405 0.832456 -0.063802 0.138916 0.815920 0.552522 0.170277 -0.135576 0.177000 0.041664 -0.983329 0.653016 0.000000 0.000000 0.000000 1.000000 
-0.667629 0.744470 0.006071 0.187417 0.727579 0.650710 0.217268 -0.128008 0.157799 0.149471 -0.976093 0.661749 0.000000 0.000000 0.000000 1.000000 
-0.405347 0.893534 0.193108 0.037327 0.907892 0.368782 0.199330 -0.016547 0.106894 0.256119 -0.960717 0.615359 0.000000 0.000000 0.000000 1.000000 
0.164288 0.863340 0.477131 -0.091148 0.980422 -0.196146 0.017331 -0.012532 0.108549 0.464942 -0.878661 0.623804 0.000000 0.000000 0.000000 1.000000 
0.052450 0.857287 0.512160 -0.019666 0.995456 -0.085703 0.041510 -0.082931 0.079480 0.507655 -0.857887 0.619820 0.000000 0.000000 0.000000 1.000000 
-0.078869 0.805070 0.587913 0.027448 0.996868 0.067084 0.041868 -0.113468 -0.005733 0.589374 -0.807840 0.704032 0.000000 0.000000 0.000000 1.000000 
-0.164723 0.762656 0.625478 0.070029 0.978413 0.206577 0.005788 -0.070909 -0.124795 0.612929 -0.780220 0.781651 0.000000 0.000000 0.000000 1.000000 
-0.087238 0.741208 0.665583 0.064430 0.960696 0.239348 -0.140625 0.017356 -0.263538 0.627155 -0.732956 0.840591 0.000000 0.000000 0.000000 1.000000 
0.492870 0.869761 -0.024375 -0.315101 0.770874 -0.423499 0.475817 -0.058587 0.403524 -0.253306 -0.879207 0.598432 0.000000 0.000000 0.000000 1.000000 
0.452312 0.890502 -0.049199 -0.234385 0.812770 -0.388862 0.433811 -0.056946 0.367178 -0.236205 -0.899660 0.593889 0.000000 0.000000 0.000000 1.000000 
0.370433 0.926619 -0.064464 -0.134027 0.871645 -0.322797 0.368833 -0.066683 0.320959 -0.192818 -0.927258 0.577616 0.000000 0.000000 0.000000 1.000000 
0.297407 0.952167 -0.070186 -0.047483 0.905678 -0.258093 0.336355 -0.077497 0.302152 -0.163600 -0.939116 0.558903 0.000000 0.000000 0.000000 1.000000 
0.300256 0.951267 -0.070268 -0.029976 0.897355 -0.256725 0.358951 -0.014476 0.323418 -0.170833 -0.930708 0.556591 0.000000 0.000000 0.000000 1.000000 
0.044135 0.995920 0.078717 -0.007911 0.944778 -0.067220 0.320742 -0.045375 0.324724 0.060214 -0.943890 0.524652 0.000000 0.000000 0.000000 1.000000 
-0.133079 0.955549 0.263090 -0.098513 0.949017 0.046322 0.311802 -0.052680 0.285755 0.291171 -0.912997 0.512166 0.000000 0.000000 0.000000 1.000000 
-0.223192 0.940345 0.256780 0.007899 0.939869 0.137736 0.312530 -0.063962 0.258518 0.311094 -0.914543 0.539879 0.000000 0.000000 0.000000 1.000000 
-0.340800 0.881297 0.327371 0.039351 0.909601 0.221068 0.351789 -0.097180 0.237659 0.417667 -0.876968 0.566611 0.000000 0.000000 0.000000 1.000000 
-0.192737 0.861273 0.470172 0.049126 0.972092 0.102279 0.211131 -0.065640 0.133753 0.497743 -0.856949 0.617436 0.000000 0.000000 0.000000 1.000000 
-0.326175 0.778045 0.536894 0.110421 0.943928 0.237376 0.229461 -0.086219 0.051085 0.581634 -0.811845 0.703431 0.000000 0.000000 0.000000 1.000000 
-0.398580 0.573639 0.715593 -0.050243 0.908274 0.355079 0.221261 -0.055529 -0.127168 0.738145 -0.662549 0.781206 0.000000 0.000000 0.000000 1.000000 
-0.369824 0.569427 0.734154 -0.083228 0.928887 0.243584 0.278989 0.030748 -0.019964 0.785124 -0.619017 0.728576 0.000000 0.000000 0.000000 1.000000 
-0.259112 0.684787 0.681122 -0.143088 0.943275 0.027847 0.330844 -0.033716 0.207591 0.728211 -0.653158 0.603301 0.000000 0.000000 0.000000 1.000000 
-0.102053 0.807045 0.581605 -0.166756 0.905156 -0.167188 0.390820 -0.055957 0.412646 0.566328 -0.713440 0.520176 0.000000 0.000000 0.000000 1.000000 
0.040773 0.864740 0.500562 -0.194410 0.847789 -0.295061 0.440673 -0.050331 0.528764 0.406404 -0.745148 0.486665 0.000000 0.000000 0.000000 1.000000 
0.195034 0.894074 0.403229 -0.192771 0.773266 -0.393075 0.497546 -0.050335 0.603342 0.214765 -0.768020 0.491442 0.000000 0.000000 0.000000 1.000000 
0.364170 0.867661 0.338443 -0.253349 0.676753 -0.496190 0.543876 0.004187 0.639832 0.030979 -0.767890 0.508035 0.000000 0.000000 0.000000 1.000000 
0.157661 0.967776 0.196350 -0.253139 0.735692 -0.247749 0.630380 -0.070558 0.658712 0.045067 -0.751045 0.483617 0.000000 0.000000 0.000000 1.000000 
0.199278 0.967006 0.158709 -0.267355 0.852508 -0.250940 0.458541 -0.071905 0.483238 0.043923 -0.874387 0.720610 0.000000 0.000000 0.000000 1.000000 
0.127072 0.978114 0.164758 -0.179159 0.867738 -0.190088 0.459236 -0.062881 0.480503 0.084611 -0.872902 0.728554 0.000000 0.000000 0.000000 1.000000 
0.267741 0.947417 0.175258 -0.336524 0.819208 -0.319597 0.476188 0.010397 0.507161 0.016078 -0.861701 0.717791 0.000000 0.000000 0.000000 1.000000 
0.147587 0.987006 0.063534 -0.467567 0.926036 -0.160461 0.341627 -0.085542 0.347382 0.008415 -0.937686 0.882639 0.000000 0.000000 0.000000 1.000000 
0.159672 0.982996 0.090685 -0.479070 0.962103 -0.175529 0.208678 -0.007415 0.221047 0.053928 -0.973771 1.040195 0.000000 0.000000 0.000000 1.000000 
0.265896 0.942667 -0.201689 -0.328140 0.951833 -0.223592 0.209811 0.010031 0.152686 -0.247763 -0.956714 0.933701 0.000000 0.000000 0.000000 1.000000 
0.179843 0.902817 -0.390612 -0.209654 0.908784 -0.000497 0.417267 -0.136714 0.376522 -0.430024 -0.820555 0.932435 0.000000 0.000000 0.000000 1.000000 
0.043809 0.994646 0.093591 -0.078874 0.842784 -0.087099 0.531159 -0.067151 0.536467 0.055608 -0.842087 0.703673 0.000000 0.000000 0.000000 1.000000 
-0.218198 0.974081 0.059637 0.232552 0.903418 0.178502 0.389836 -0.149191 0.369087 0.138939 -0.918951 0.873015 0.000000 0.000000 0.000000 1.000000 
-0.180366 0.982532 0.045813 0.186936 0.942455 0.159303 0.293942 -0.200467 0.281510 0.096194 -0.954725 0.966808 0.000000 0.000000 0.000000 1.000000 
0.164565 0.985985 0.027438 -0.224298 0.963045 -0.166625 0.211615 -0.139429 0.213221 -0.008400 -0.976968 0.788330 0.000000 0.000000 0.000000 1.000000 
0.256683 0.962409 0.088781 0.055715 0.966489 -0.255261 -0.027204 -0.038395 -0.003519 0.092788 -0.995680 0.822109 0.000000 0.000000 0.000000 1.000000 
0.134172 0.990084 0.041611 0.047118 0.972096 -0.123348 -0.199537 -0.080963 -0.192425 0.067223 -0.979006 0.491786 0.000000 0.000000 0.000000 1.000000 
0.273848 0.952628 0.132317 -0.140205 0.958045 -0.258091 -0.124654 -0.077002 -0.084600 0.160902 -0.983338 0.453883 0.000000 0.000000 0.000000 1.000000